[Camera]
Brightness = 90
ExposureAuto = Off
ExposureTimeAbs = 5
GainAuto = Off
Gain = 170
BalanceWhiteAuto = Off
BalanceRatioRed = 80
BalanceRatioBlue = 157
fps = 30
RecordResolution = (1440, 1080)

[Other]
cornerValue = 8
blockValue = 14
ks = [[1214.482199462374, 0.0, 739.9438294260159], [0.0, 1208.53844690556, 579.0715103803774], [0.0, 0.0, 1.0]]
poses = [[0.9982140389241384, -0.05701559105774634, 0.017831289103566128], [-0.10671379306362297, -0.47589009062302123, 0.8730067514153523], [-0.04128926214192802, -0.8733504398338158, -0.48112451943031687]]
eye = [[-0.2301946872477747, -3.1019916094785636, 2.95596464431973]]
hmtx = [[0.0649411344207129, -0.014168606534867437, -39.5138057790994], [-0.005584847758146564, -0.09083913662369512, 85.41696638791417], [0.0009071736743749962, 0.019287376080488597, 1.0]]
dist = [[-0.5357608528825365, 0.42420392423835374, -0.0020378974867134004, -0.004261218299961821, -0.2375760856910901]]
newcameramtx = [[1213.6387939453125, 0.0, 739.4299903432475], [0.0, 1207.41943359375, 578.535342122268], [0.0, 0.0, 1.0]]
projection_mat = [[1274.2619499703212, 514.7314918461838, -361.9167648190578, 3364.7233281208346], [-11.604162133621955, -79.8559982361092, -1336.4330176618623, 3731.9963723156357], [0.09116289764642715, 0.8693947792053223, -0.4856356978416443, 4.190743923187256]]
extrinsic_mat = [[0.9944090247154236, -0.10557101666927338, -0.002326199086382985, 0.21914394199848175], [-0.0532914400100708, -0.48270848393440247, -0.8741582036018372, 1.0828903913497925], [0.09116289764642715, 0.8693947792053223, -0.4856356978416443, 4.190743923187256]]

