[Camera]
Brightness = 90
ExposureAuto = Off
ExposureTimeAbs = 5
GainAuto = Off
Gain = 170
BalanceWhiteAuto = Off
BalanceRatioRed = 80
BalanceRatioBlue = 157
fps = 30
RecordResolution = (1440, 1080)

[Other]
cornerValue = 8
blockValue = 14
ks = [[1716.985921931758, 0.0, 733.9986228296484], [0.0, 1717.9320484971222, 576.6544219941281], [0.0, 0.0, 1.0]]
poses = [[0.9813833640138583, 0.0880703219190575, -0.17067604176895124], [0.10882064690530152, -0.3429701510022587, 0.9330217266112291], [0.023634736002160928, -0.93422507803628, -0.3461690699513271]]
eye = [[1.0082656789286046, -4.374682030063087, 2.809323438073152]]
hmtx = [[0.045449232633461255, 0.012486270554013877, -43.06155651903058], [0.007915014026831278, -0.06078589252089349, 49.56912394923779], [-0.0003326921839736351, 0.012950548339651024, 1.0]]
dist = [[-0.8858631187090652, 2.557997497124888, -0.01750646305898115, -0.01117379898422549, -4.373555283062699]]
newcameramtx = [[1619.770751953125, 0.0, 772.972176572941], [0.0, 1644.7835693359375, 552.1008150551897], [0.0, 0.0, 1.0]]
projection_mat = [[1511.4630635476942, 907.1534880453224, -337.1871367987425, 4533.483632570256], [85.96093769369061, -306.71174866263414, -1705.4814115908773, 5744.908642574148], [-0.11689930409193039, 0.8664248585700989, -0.4854302406311035, 6.448460102081299]]
extrinsic_mat = [[0.9889195561408997, 0.1465831995010376, 0.02348291128873825, -0.27843236923217773], [0.09150209277868271, -0.4773063361644745, -0.8739599585533142, 1.3282650709152222], [-0.11689930409193039, 0.8664248585700989, -0.4854302406311035, 6.448460102081299]]

