[Camera]
Brightness = 90
ExposureAuto = Off
ExposureTimeAbs = 5
GainAuto = Off
Gain = 170
BalanceWhiteAuto = Off
BalanceRatioRed = 85
BalanceRatioBlue = 157
fps = 30
RecordResolution = (1440, 1080)

[Other]
cornerValue = 8
blockValue = 14
ks = [[1387.78335207103, 0.0, 714.8906007118374], [0.0, 1377.7365331399894, 552.181137291879], [0.0, 0.0, 1.0]]
poses = [[-0.7338556336210378, -0.1251198649026466, 0.6676832545521929], [-0.33755263214498465, 0.37316464968943436, -0.8641795905679297], [-0.14102975416498675, -0.8595613010118195, -0.3160835201743257]]
eye = [[-4.758392005438728, 4.821172480359195, 1.613187692763759]]
hmtx = [[0.014027686687631616, 0.007637987719468034, -16.18844834059984], [0.007605475270408162, -0.014646674616392023, 8.802460236795138], [-0.0008074370869996856, -0.004495541020180621, 1.0]]
dist = [[-0.6125036270316538, 0.5159917741881203, -0.0026371986102814134, -0.003636761150467267, -0.3098155021682713]]
newcameramtx = [[1132.1195068359375, 0.0, 702.6700733831312], [0.0, 1239.32470703125, 551.9697759931296], [0.0, 0.0, 1.0]]
projection_mat = [[-789.3904676584677, -1014.6088507136087, -350.53008252690745, 3232.1320132943933], [-20.17731064448975, 100.79478516695008, -1352.7859029325946, 4531.001803489316], [0.3557799160480499, -0.8058162927627563, -0.473371684551239, 4.9377055168151855]]
extrinsic_mat = [[-0.9180889129638672, -0.3960587680339813, -0.015816321596503258, -0.209735706448555], [-0.17473796010017395, 0.44022443890571594, -0.8807207942008972, 1.4568721055984497], [0.3557799160480499, -0.8058162927627563, -0.473371684551239, 4.9377055168151855]]

