[Camera]
Brightness = 90
ExposureAuto = Off
ExposureTimeAbs = 5
GainAuto = Off
Gain = 170
BalanceWhiteAuto = Off
BalanceRatioRed = 85
BalanceRatioBlue = 157
fps = 30
RecordResolution = (1440, 1080)

[Other]
cornerValue = 8
blockValue = 14
ks = [[1639.1281205857713, 0.0, 720.5313043127439], [0.0, 1594.3438786436225, 557.0325573930394], [0.0, 0.0, 1.0]]
poses = [[-0.9520347636683824, 0.03529919307225171, -0.30394699494374944], [0.22011626896561176, 0.44344686970305003, -0.8688519447450327], [0.10411457091469811, -0.8940809343684789, -0.42994676247378827]]
eye = [[1.9160805413245205, 3.9306153265489874, 3.5078417864015874]]
hmtx = [[-0.01731695573417097, 0.007077011567226743, 8.32939014466623], [0.0026432175061149236, 0.02101302379737377, -22.912907432660948], [-0.00047403977043306705, 0.004003707947810685, 1.0]]
dist = [[-0.7704391944850953, 0.8629743223104234, -0.01737283421958176, -0.006308908297836103, -0.891235415827001]]
newcameramtx = [[1503.463623046875, 0.0, 779.079047821855], [0.0, 1528.6590576171875, 577.5781244627069], [0.0, 0.0, 1.0]]
projection_mat = [[-1661.542697325526, -251.3022722378348, -208.54248568900158, 5083.582886579027], [-115.9366587199321, 304.7643720302112, -1601.272149367926, 5626.5774010577825], [-0.28242963552474976, -0.8208205699920654, -0.49647465348243713, 5.7530341148376465]]
extrinsic_mat = [[-0.958791196346283, 0.25819170475006104, 0.11855991184711456, 0.4000858664512634], [0.030869225040078163, 0.5095003843307495, -0.8599165678024292, 1.50704026222229], [-0.28242963552474976, -0.8208205699920654, -0.49647465348243713, 5.7530341148376465]]

