[Camera]
Brightness = 90
ExposureAuto = Off
ExposureTimeAbs = 5
GainAuto = Off
Gain = 170
BalanceWhiteAuto = Off
BalanceRatioRed = 80
BalanceRatioBlue = 157
fps = 30
RecordResolution = (1440, 1080)

[Other]
cornerValue = 8
blockValue = 14
ks = [[1716.985921931758, 0.0, 733.9986228296484], [0.0, 1717.9320484971222, 576.6544219941281], [0.0, 0.0, 1.0]]
poses = [[0.9822164176149282, 0.08616643324510953, -0.16681203418672474], [0.11628121527685982, -0.35773510502906625, 0.9265550569737231], [0.020163423894744847, -0.9294746948417635, -0.36139283089056295]]
eye = [[1.0186170913698989, -4.522028543070518, 2.9930468578816702]]
hmtx = [[0.034937796100483615, 0.009670883396615676, -33.30598722050024], [0.006116384788720347, -0.048300584950432636, 39.23720868973331], [-0.0002109157275742139, 0.009574741316310387, 1.0]]
dist = [[-0.8858631187090652, 2.557997497124888, -0.01750646305898115, -0.01117379898422549, -4.373555283062699]]
newcameramtx = [[1619.770751953125, 0.0, 772.972176572941], [0.0, 1644.7835693359375, 552.1008150551897], [0.0, 0.0, 1.0]]
projection_mat = [[1514.1102520419408, 908.9535624475658, -320.026543254673, 4582.528886661628], [87.31491932735327, -278.11129561387594, -1710.3094985944113, 5725.630813440104], [-0.11416295170783997, 0.8747780323028564, -0.470882385969162, 6.450464725494385]]
extrinsic_mat = [[0.9892480373382568, 0.14370828866958618, 0.027134975418448448, -0.24910986423492432], [0.09140678495168686, -0.46272164583206177, -0.8817785978317261, 1.3158715963363647], [-0.11416295170783997, 0.8747780323028564, -0.470882385969162, 6.450464725494385]]

