[Camera]
Brightness = 90
ExposureAuto = Off
ExposureTimeAbs = 5
GainAuto = Off
Gain = 170
BalanceWhiteAuto = Off
BalanceRatioRed = 80
BalanceRatioBlue = 157
fps = 30
RecordResolution = (1440, 1080)

[Other]
cornerValue = 8
blockValue = 14
ks = [[1214.482199462374, 0.0, 739.9438294260159], [0.0, 1208.53844690556, 579.0715103803774], [0.0, 0.0, 1.0]]
poses = [[0.9936518917676189, -0.06604232066191829, 0.09107321158397941], [-0.10963915950255412, -0.47460475799446644, 0.8733439061404091], [-0.014453878753863697, -0.8777850148714049, -0.47883274015208555]]
eye = [[-0.5365291965570269, -3.08736799689376, 2.934579849745868]]
hmtx = [[0.049016340934384464, -0.011124511192461816, -29.639497647320052], [-0.006133926324857941, -0.06797699908504047, 65.56584098765634], [0.00024091043657383296, 0.014705867831041924, 1.0]]
dist = [[-0.5357608528825365, 0.42420392423835374, -0.0020378974867134004, -0.004261218299961821, -0.2375760856910901]]
newcameramtx = [[1213.6387939453125, 0.0, 739.4299903432475], [0.0, 1207.41943359375, 578.535342122268], [0.0, 0.0, 1.0]]
projection_mat = [[1273.2435356714684, 505.7809700775524, -377.77293752887437, 3407.4622696537554], [-27.122749925379196, -83.77605787387114, -1335.9681015966814, 3759.2135587395105], [0.09102491289377213, 0.8673611283302307, -0.48928436636924744, 4.224987506866455]]
extrinsic_mat = [[0.9936539530754089, -0.1117069274187088, -0.013168171048164368, 0.23349599540233612], [-0.06607801467180252, -0.4849807024002075, -0.8720248937606812, 1.0890241861343384], [0.09102491289377213, 0.8673611283302307, -0.48928436636924744, 4.224987506866455]]

