[Camera]
Brightness = 90
ExposureAuto = Off
ExposureTimeAbs = 5
GainAuto = Off
Gain = 150
BalanceWhiteAuto = Off
BalanceRatioRed = 122
BalanceRatioBlue = 157
fps = 120
RecordResolution = (1440, 1080)

[Other]
cornerValue = 8
blockValue = 14
ks = [[505.04476270297226, 0.0, 389.3657028012126], [0.0, 503.88573467670807, 323.7483858873012], [0.0, 0.0, 1.0]]
poses = [[-0.26497523142351526, -0.41039723528227023, 0.8725607348515769], [0.602403052059924, -0.3835437496724672, 0.7000033963889547], [0.04738575749571117, 0.71111681173765, 0.34885414092149913]]
eye = [[-1.8516624978639409, -2.1169834082908534, 0.04386971388698924]]
hmtx = [[0.002141226844705521, 0.012347523294334242, -2.349662637754309], [-0.01281514759761412, -0.034472726817858804, 6.006154224576314], [-0.0006497908467042456, -0.009777902514533483, 1.0]]
dist = [[-0.41074377472854584, 0.22206298727888069, 0.0003587253372102338, -0.00014230517951563504, -0.07100310067761602]]
newcameramtx = [[504.4134521484375, 0.0, 388.8790038375373], [0.0, 503.04595947265625, 323.20881959823964], [0.0, 0.0, 1.0]]
projection_mat = [[25.77549174096083, 611.8848402304908, 174.9068054261243, -1808.841857891687], [106.51237230593762, 33.00719920064833, 587.4391994469527, 265.8846421135345], [0.7818209528923035, 0.49378669261932373, 0.3806976079940796, -0.46604177355766296]]
extrinsic_mat = [[-0.5516471862792969, 0.8323758244514465, 0.0532529391348362, -3.226733922958374], [-0.2905878722667694, -0.251645028591156, 0.9231649041175842, 0.8279829025268555], [0.7818209528923035, 0.49378669261932373, 0.3806976079940796, -0.46604177355766296]]

